Address: 0x0000000070cbd78aBe3441c9700aF934eA297041
ETH: 0.01802595 ETH
--------------------------------------------------------------------------------
Address: 0x0000000000000000000000000000000000000000
ETH: 13483.709672 ETH
USDT: 96510.168307 USDT
DAI: 12893.468335 DAI
--------------------------------------------------------------------------------
